{
 "cells": [
  {
   "cell_type": "code",
   "execution_count": 1,
   "id": "c79f4edc",
   "metadata": {},
   "outputs": [],
   "source": [
    "import numpy as np\n",
    "import matplotlib.pyplot as plt"
   ]
  },
  {
   "cell_type": "markdown",
   "id": "c69c8403",
   "metadata": {},
   "source": [
    "# Exercise 15\n",
    "\n",
    "## a) \n",
    "Implementing method to generate response matrix A."
   ]
  },
  {
   "cell_type": "code",
   "execution_count": 2,
   "id": "5d1a5a2d",
   "metadata": {},
   "outputs": [
    {
     "data": {
      "text/plain": [
       "array([[0.77, 0.23, 0.  , 0.  , 0.  ],\n",
       "       [0.23, 0.54, 0.23, 0.  , 0.  ],\n",
       "       [0.  , 0.23, 0.54, 0.23, 0.  ],\n",
       "       [0.  , 0.  , 0.23, 0.54, 0.23],\n",
       "       [0.  , 0.  , 0.  , 0.23, 0.77]])"
      ]
     },
     "execution_count": 2,
     "metadata": {},
     "output_type": "execute_result"
    }
   ],
   "source": [
    "eps = 0.23\n",
    "\n",
    "\n",
    "def A(n):\n",
    "    temp = np.array(n*[1-2*eps])\n",
    "    temp[0] = 1-eps\n",
    "    temp[-1] = 1-eps\n",
    "    \n",
    "    return np.diag((n-1)*[eps],1) + np.diag(temp) + np.diag((n-1)*[eps],-1)\n",
    "\n",
    "A(5)"
   ]
  },
  {
   "cell_type": "markdown",
   "id": "fc03f19c",
   "metadata": {},
   "source": [
    "Die Matrix A beschreibt die Fluktuationen der Bins einer Messreihe in die anderen Bins. Also eine Art 'Verschmieren' der Bins in die benachbarten Bins.\n",
    "\n",
    "## b)"
   ]
  },
  {
   "cell_type": "code",
   "execution_count": 3,
   "id": "bb6ce7af",
   "metadata": {},
   "outputs": [
    {
     "name": "stdout",
     "output_type": "stream",
     "text": [
      "g =  [260.16 459.01 645.6  749.66 794.8  798.79 775.09 733.93 682.62 625.54\n",
      " 566.46 508.46 452.92 400.69 352.38 308.69 269.15 233.92 202.46 179.67]\n"
     ]
    }
   ],
   "source": [
    "f = np.array([193, 485, 664, 763, 804, 805, 779, 736, 684, 626, 566, 508, 452, 400, 351, 308, 268, 233, 202, 173])\n",
    "\n",
    "g = A(20)@f.T\n",
    "\n",
    "print('g = ', g)"
   ]
  },
  {
   "cell_type": "code",
   "execution_count": 4,
   "id": "bea56396",
   "metadata": {},
   "outputs": [
    {
     "name": "stdout",
     "output_type": "stream",
     "text": [
      "g_measured =  [236. 434. 613. 752. 834. 772. 813. 698. 674. 639. 551. 503. 432. 380.\n",
      " 338. 311. 244. 240. 209. 176.]\n"
     ]
    }
   ],
   "source": [
    "rng = np.random.default_rng(69*69)\n",
    "g_measured = np.zeros(20)\n",
    "\n",
    "for i in range(len(g)):\n",
    "    g_measured[i] = rng.poisson(g[i])\n",
    "\n",
    "print('g_measured = ', g_measured)"
   ]
  },
  {
   "cell_type": "markdown",
   "id": "7777311d",
   "metadata": {},
   "source": [
    "## c)"
   ]
  },
  {
   "cell_type": "code",
   "execution_count": 5,
   "id": "7153a7bb",
   "metadata": {},
   "outputs": [
    {
     "data": {
      "text/plain": [
       "array([[ 5.82490144e-01, -2.24791011e-01, -3.01507323e-03,\n",
       "         1.96880394e-02,  2.32500671e-02, -2.32643224e-01,\n",
       "        -1.69342032e-02,  4.76657898e-03,  9.46095345e-03,\n",
       "         1.73632358e-02,  1.71273253e-02,  1.44125198e-02,\n",
       "         6.87676996e-03, -2.44605772e-04, -6.10660750e-03,\n",
       "        -7.49826173e-03, -5.16414535e-03,  2.66451391e-04,\n",
       "         5.88417563e-03,  9.54175228e-03],\n",
       "       [-2.24791011e-01,  5.92420868e-01, -2.16779302e-01,\n",
       "         1.35437326e-03,  1.65705671e-02, -1.29457976e-02,\n",
       "         3.82411683e-03,  4.96149066e-03,  1.14460790e-02,\n",
       "         1.25784257e-02,  1.29937893e-02,  9.11561607e-03,\n",
       "         4.48179550e-03, -9.75443320e-04, -4.23301140e-03,\n",
       "        -5.16414535e-03, -2.99879894e-03,  7.53011446e-04,\n",
       "         4.81535101e-03,  7.30290617e-03],\n",
       "       [-3.01507323e-03, -2.16779302e-01,  5.96790315e-01,\n",
       "        -2.19896774e-01, -5.32512674e-03,  1.16763301e-02,\n",
       "         8.94989629e-03,  1.05036168e-02,  8.07896293e-03,\n",
       "         7.07663249e-03,  4.56671645e-03,  3.06306496e-03,\n",
       "         1.26340279e-03,  4.93389873e-04, -3.29811668e-05,\n",
       "         2.66451391e-04,  7.53011446e-04,  1.55010068e-03,\n",
       "         2.17174199e-03,  2.57650490e-03],\n",
       "       [ 1.96880394e-02,  1.35437326e-03, -2.19896774e-01,\n",
       "         5.90110815e-01, -2.41792468e-01,  1.88806206e-02,\n",
       "         1.83558301e-02,  1.20673686e-02,  6.13417034e-03,\n",
       "         6.72536645e-05, -2.85409184e-03, -3.28549683e-03,\n",
       "        -9.25340671e-04,  2.20586494e-03,  4.99285266e-03,\n",
       "         5.88417563e-03,  4.81535101e-03,  2.17174199e-03,\n",
       "        -6.88745427e-04, -2.55465928e-03],\n",
       "       [ 2.32500671e-02,  1.65705671e-02, -5.32512674e-03,\n",
       "        -2.41792468e-01,  3.53643473e-01,  2.63675394e-02,\n",
       "         2.19980929e-02,  1.39863836e-02,  4.05565929e-03,\n",
       "        -3.79655399e-03, -7.78495962e-03, -6.84249747e-03,\n",
       "        -2.34303468e-03,  3.57412212e-03,  8.12302174e-03,\n",
       "         9.54175228e-03,  7.30290617e-03,  2.57650490e-03,\n",
       "        -2.55465928e-03, -5.81990961e-03],\n",
       "       [-2.32643224e-01, -1.29457976e-02,  1.16763301e-02,\n",
       "         1.88806206e-02,  2.63675394e-02,  5.78501738e-01,\n",
       "        -2.31700762e-01, -1.24347404e-02,  1.06837358e-02,\n",
       "         1.40098531e-02,  1.87819663e-02,  1.48884792e-02,\n",
       "         9.68611856e-03,  1.74560578e-03, -3.50985610e-03,\n",
       "        -6.10660750e-03, -4.23301140e-03, -3.29811668e-05,\n",
       "         4.99285266e-03,  8.12302174e-03],\n",
       "       [-1.69342032e-02,  3.82411683e-03,  8.94989629e-03,\n",
       "         1.83558301e-02,  2.19980929e-02, -2.31700762e-01,\n",
       "         5.83001201e-01, -2.25783605e-01, -7.88584078e-03,\n",
       "         1.21024663e-02,  1.17710070e-02,  1.40555650e-02,\n",
       "         9.75731504e-03,  6.42086823e-03,  1.74560578e-03,\n",
       "        -2.44605772e-04, -9.75443320e-04,  4.93389873e-04,\n",
       "         2.20586494e-03,  3.57412212e-03],\n",
       "       [ 4.76657898e-03,  4.96149066e-03,  1.05036168e-02,\n",
       "         1.20673686e-02,  1.39863836e-02, -1.24347404e-02,\n",
       "        -2.25783605e-01,  5.87550101e-01, -2.24364875e-01,\n",
       "        -1.01246869e-02,  7.37606505e-03,  6.63984278e-03,\n",
       "         1.07903147e-02,  9.75731504e-03,  9.68611856e-03,\n",
       "         6.87676996e-03,  4.48179550e-03,  1.26340279e-03,\n",
       "        -9.25340671e-04, -2.34303468e-03],\n",
       "       [ 9.46095345e-03,  1.14460790e-02,  8.07896293e-03,\n",
       "         6.13417034e-03,  4.05565929e-03,  1.06837358e-02,\n",
       "        -7.88584078e-03, -2.24364875e-01,  5.85311255e-01,\n",
       "        -2.29091276e-01, -1.52558511e-02,  4.11081472e-03,\n",
       "         6.63984278e-03,  1.40555650e-02,  1.48884792e-02,\n",
       "         1.44125198e-02,  9.11561607e-03,  3.06306496e-03,\n",
       "        -3.28549683e-03, -6.84249747e-03],\n",
       "       [ 1.73632358e-02,  1.25784257e-02,  7.07663249e-03,\n",
       "         6.72536645e-05, -3.79655399e-03,  1.40098531e-02,\n",
       "         1.21024663e-02, -1.01246869e-02, -2.29091276e-01,\n",
       "         5.80180090e-01, -2.32356527e-01, -1.52558511e-02,\n",
       "         7.37606505e-03,  1.17710070e-02,  1.87819663e-02,\n",
       "         1.71273253e-02,  1.29937893e-02,  4.56671645e-03,\n",
       "        -2.85409184e-03, -7.78495962e-03],\n",
       "       [ 1.71273253e-02,  1.29937893e-02,  4.56671645e-03,\n",
       "        -2.85409184e-03, -7.78495962e-03,  1.87819663e-02,\n",
       "         1.17710070e-02,  7.37606505e-03, -1.52558511e-02,\n",
       "        -2.32356527e-01,  5.80180090e-01, -2.29091276e-01,\n",
       "        -1.01246869e-02,  1.21024663e-02,  1.40098531e-02,\n",
       "         1.73632358e-02,  1.25784257e-02,  7.07663249e-03,\n",
       "         6.72536645e-05, -3.79655399e-03],\n",
       "       [ 1.44125198e-02,  9.11561607e-03,  3.06306496e-03,\n",
       "        -3.28549683e-03, -6.84249747e-03,  1.48884792e-02,\n",
       "         1.40555650e-02,  6.63984278e-03,  4.11081472e-03,\n",
       "        -1.52558511e-02, -2.29091276e-01,  5.85311255e-01,\n",
       "        -2.24364875e-01, -7.88584078e-03,  1.06837358e-02,\n",
       "         9.46095345e-03,  1.14460790e-02,  8.07896293e-03,\n",
       "         6.13417034e-03,  4.05565929e-03],\n",
       "       [ 6.87676996e-03,  4.48179550e-03,  1.26340279e-03,\n",
       "        -9.25340671e-04, -2.34303468e-03,  9.68611856e-03,\n",
       "         9.75731504e-03,  1.07903147e-02,  6.63984278e-03,\n",
       "         7.37606505e-03, -1.01246869e-02, -2.24364875e-01,\n",
       "         5.87550101e-01, -2.25783605e-01, -1.24347404e-02,\n",
       "         4.76657898e-03,  4.96149066e-03,  1.05036168e-02,\n",
       "         1.20673686e-02,  1.39863836e-02],\n",
       "       [-2.44605772e-04, -9.75443320e-04,  4.93389873e-04,\n",
       "         2.20586494e-03,  3.57412212e-03,  1.74560578e-03,\n",
       "         6.42086823e-03,  9.75731504e-03,  1.40555650e-02,\n",
       "         1.17710070e-02,  1.21024663e-02, -7.88584078e-03,\n",
       "        -2.25783605e-01,  5.83001201e-01, -2.31700762e-01,\n",
       "        -1.69342032e-02,  3.82411683e-03,  8.94989629e-03,\n",
       "         1.83558301e-02,  2.19980929e-02],\n",
       "       [-6.10660750e-03, -4.23301140e-03, -3.29811668e-05,\n",
       "         4.99285266e-03,  8.12302174e-03, -3.50985610e-03,\n",
       "         1.74560578e-03,  9.68611856e-03,  1.48884792e-02,\n",
       "         1.87819663e-02,  1.40098531e-02,  1.06837358e-02,\n",
       "        -1.24347404e-02, -2.31700762e-01,  5.78501738e-01,\n",
       "        -2.32643224e-01, -1.29457976e-02,  1.16763301e-02,\n",
       "         1.88806206e-02,  2.63675394e-02],\n",
       "       [-7.49826173e-03, -5.16414535e-03,  2.66451391e-04,\n",
       "         5.88417563e-03,  9.54175228e-03, -6.10660750e-03,\n",
       "        -2.44605772e-04,  6.87676996e-03,  1.44125198e-02,\n",
       "         1.71273253e-02,  1.73632358e-02,  9.46095345e-03,\n",
       "         4.76657898e-03, -1.69342032e-02, -2.32643224e-01,\n",
       "         5.82490144e-01, -2.24791011e-01, -3.01507323e-03,\n",
       "         1.96880394e-02,  2.32500671e-02],\n",
       "       [-5.16414535e-03, -2.99879894e-03,  7.53011446e-04,\n",
       "         4.81535101e-03,  7.30290617e-03, -4.23301140e-03,\n",
       "        -9.75443320e-04,  4.48179550e-03,  9.11561607e-03,\n",
       "         1.29937893e-02,  1.25784257e-02,  1.14460790e-02,\n",
       "         4.96149066e-03,  3.82411683e-03, -1.29457976e-02,\n",
       "        -2.24791011e-01,  5.92420868e-01, -2.16779302e-01,\n",
       "         1.35437326e-03,  1.65705671e-02],\n",
       "       [ 2.66451391e-04,  7.53011446e-04,  1.55010068e-03,\n",
       "         2.17174199e-03,  2.57650490e-03, -3.29811668e-05,\n",
       "         4.93389873e-04,  1.26340279e-03,  3.06306496e-03,\n",
       "         4.56671645e-03,  7.07663249e-03,  8.07896293e-03,\n",
       "         1.05036168e-02,  8.94989629e-03,  1.16763301e-02,\n",
       "        -3.01507323e-03, -2.16779302e-01,  5.96790315e-01,\n",
       "        -2.19896774e-01, -5.32512674e-03],\n",
       "       [ 5.88417563e-03,  4.81535101e-03,  2.17174199e-03,\n",
       "        -6.88745427e-04, -2.55465928e-03,  4.99285266e-03,\n",
       "         2.20586494e-03, -9.25340671e-04, -3.28549683e-03,\n",
       "        -2.85409184e-03,  6.72536645e-05,  6.13417034e-03,\n",
       "         1.20673686e-02,  1.83558301e-02,  1.88806206e-02,\n",
       "         1.96880394e-02,  1.35437326e-03, -2.19896774e-01,\n",
       "         5.90110815e-01, -2.41792468e-01],\n",
       "       [ 9.54175228e-03,  7.30290617e-03,  2.57650490e-03,\n",
       "        -2.55465928e-03, -5.81990961e-03,  8.12302174e-03,\n",
       "         3.57412212e-03, -2.34303468e-03, -6.84249747e-03,\n",
       "        -7.78495962e-03, -3.79655399e-03,  4.05565929e-03,\n",
       "         1.39863836e-02,  2.19980929e-02,  2.63675394e-02,\n",
       "         2.32500671e-02,  1.65705671e-02, -5.32512674e-03,\n",
       "        -2.41792468e-01,  3.53643473e-01]])"
      ]
     },
     "execution_count": 5,
     "metadata": {},
     "output_type": "execute_result"
    }
   ],
   "source": [
    "D, ev = np.linalg.eig(A(20))\n",
    "\n",
    "idx = D.argsort()[::-1]\n",
    "D = D[idx]\n",
    "ev = ev[idx]\n",
    "\n",
    "D = np.diag(D)\n",
    "\n",
    "A = ev@D@np.linalg.inv(ev)\n",
    "A\n",
    "\n",
    "# ALLES FALSCH!!111!!!!1111"
   ]
  },
  {
   "cell_type": "code",
   "execution_count": null,
   "id": "01b714dc",
   "metadata": {},
   "outputs": [],
   "source": []
  }
 ],
 "metadata": {
  "kernelspec": {
   "display_name": "Python 3",
   "language": "python",
   "name": "python3"
  },
  "language_info": {
   "codemirror_mode": {
    "name": "ipython",
    "version": 3
   },
   "file_extension": ".py",
   "mimetype": "text/x-python",
   "name": "python",
   "nbconvert_exporter": "python",
   "pygments_lexer": "ipython3",
   "version": "3.8.8"
  }
 },
 "nbformat": 4,
 "nbformat_minor": 5
}
