{
 "cells": [
  {
   "cell_type": "code",
   "execution_count": 1,
   "id": "6712c985",
   "metadata": {},
   "outputs": [],
   "source": [
    "import numpy as np"
   ]
  },
  {
   "cell_type": "markdown",
   "id": "63f9c758",
   "metadata": {},
   "source": [
    "# Exercise 30\n",
    "## a)"
   ]
  },
  {
   "cell_type": "markdown",
   "id": "0446c510",
   "metadata": {},
   "source": [
    "$ f(\\psi) = a_1 f_1(\\psi) + a_2 f_2(\\psi) $\n",
    "\n",
    "$ f(\\psi) = a_1 \\cos(\\psi) + a_2 \\sin(\\psi) $\n",
    "\n",
    "Design matrix:\n",
    "\n",
    "$ A = (f_1(\\psi), f_2(\\psi)) $\n",
    "\n",
    "$ A = (\\cos(\\psi), \\sin(\\psi)) $"
   ]
  },
  {
   "cell_type": "code",
   "execution_count": 2,
   "id": "1a4cc485",
   "metadata": {},
   "outputs": [
    {
     "name": "stdout",
     "output_type": "stream",
     "text": [
      "Design Matrix:\n",
      " [[ 1.          0.        ]\n",
      " [ 0.15425145 -0.98803162]\n",
      " [-0.95241298 -0.30481062]\n",
      " [-0.44807362  0.89399666]\n",
      " [ 0.81418097  0.58061118]\n",
      " [ 0.69925081 -0.71487643]\n",
      " [-0.59846007 -0.80115264]\n",
      " [-0.88387747  0.46771852]\n",
      " [ 0.32578131  0.94544515]\n",
      " [ 0.98438195 -0.17604595]\n",
      " [-0.02209662 -0.99975584]\n",
      " [-0.99119882 -0.13238163]]\n"
     ]
    }
   ],
   "source": [
    "# importing data\n",
    "psi = [0, 30, 60, 90, 120, 150, 180, 210, 240, 270, 300, 330]\n",
    "asym = [-0.032, 0.010, 0.057, 0.068, 0.076, 0.080, 0.031, 0.005, -0.041, -0.090, -0.088, -0.074]\n",
    "\n",
    "A = np.array([np.cos(psi), np.sin(psi)]).T\n",
    "print('Design Matrix:\\n', A)"
   ]
  },
  {
   "cell_type": "markdown",
   "id": "be353ce3",
   "metadata": {},
   "source": [
    "$B = (A^TA)^{-1}A^T$"
   ]
  },
  {
   "cell_type": "code",
   "execution_count": 3,
   "id": "e72715fc",
   "metadata": {},
   "outputs": [
    {
     "name": "stdout",
     "output_type": "stream",
     "text": [
      "a =  [-0.00738765  0.01328259]\n"
     ]
    }
   ],
   "source": [
    "B = np.matmul(np.linalg.inv(np.matmul(A.T,A)),A.T)\n",
    "a = B@asym\n",
    "print('a = ', a)"
   ]
  },
  {
   "cell_type": "markdown",
   "id": "33d3f65b",
   "metadata": {},
   "source": [
    "## b)"
   ]
  },
  {
   "cell_type": "code",
   "execution_count": 4,
   "id": "73a223bb",
   "metadata": {},
   "outputs": [
    {
     "data": {
      "text/plain": [
       "array([[ 2.88178171e-06,  5.16570013e-07, -2.72241837e-06,\n",
       "        -1.35644397e-06,  2.30395147e-06,  2.06721968e-06,\n",
       "        -1.66620820e-06, -2.58124974e-06,  8.69885169e-07,\n",
       "         2.84961184e-06,  9.22834682e-09, -2.84676487e-06],\n",
       "       [ 5.16570013e-07,  3.97005075e-06,  7.08202155e-07,\n",
       "        -3.75156833e-06, -1.86557186e-06,  3.17603400e-06,\n",
       "         2.84538756e-06, -2.29822369e-06, -3.55439623e-06,\n",
       "         1.20168214e-06,  3.92511866e-06,  9.22834682e-09],\n",
       "       [-2.72241837e-06,  7.08202155e-07,  2.94090078e-06,\n",
       "         1.99074265e-07, -2.87948580e-06, -1.08740398e-06,\n",
       "         2.54401851e-06,  1.87224107e-06, -1.96642671e-06,\n",
       "        -2.47888942e-06,  1.20168214e-06,  2.84961184e-06],\n",
       "       [-1.35644397e-06, -3.75156833e-06,  1.99074265e-07,\n",
       "         3.81298332e-06,  9.77242146e-07, -3.51150128e-06,\n",
       "        -2.06055047e-06,  2.87581549e-06,  2.94774789e-06,\n",
       "        -1.96642671e-06, -3.55439623e-06,  8.69885169e-07],\n",
       "       [ 2.30395147e-06, -1.86557186e-06, -2.87948580e-06,\n",
       "         9.77242146e-07,  3.18096783e-06,  4.09565469e-09,\n",
       "        -3.17970431e-06, -9.85043655e-07,  2.87581549e-06,\n",
       "         1.87224107e-06, -2.29822369e-06, -2.58124974e-06],\n",
       "       [ 2.06721968e-06,  3.17603400e-06, -1.08740398e-06,\n",
       "        -3.51150128e-06,  4.09565469e-09,  3.51276480e-06,\n",
       "         1.07960247e-06, -3.17970431e-06, -2.06055047e-06,\n",
       "         2.54401851e-06,  2.84538756e-06, -1.66620820e-06],\n",
       "       [-1.66620820e-06,  2.84538756e-06,  2.54401851e-06,\n",
       "        -2.06055047e-06, -3.17970431e-06,  1.07960247e-06,\n",
       "         3.51276480e-06,  4.09565469e-09, -3.51150128e-06,\n",
       "        -1.08740398e-06,  3.17603400e-06,  2.06721968e-06],\n",
       "       [-2.58124974e-06, -2.29822369e-06,  1.87224107e-06,\n",
       "         2.87581549e-06, -9.85043655e-07, -3.17970431e-06,\n",
       "         4.09565469e-09,  3.18096783e-06,  9.77242146e-07,\n",
       "        -2.87948580e-06, -1.86557186e-06,  2.30395147e-06],\n",
       "       [ 8.69885169e-07, -3.55439623e-06, -1.96642671e-06,\n",
       "         2.94774789e-06,  2.87581549e-06, -2.06055047e-06,\n",
       "        -3.51150128e-06,  9.77242146e-07,  3.81298332e-06,\n",
       "         1.99074265e-07, -3.75156833e-06, -1.35644397e-06],\n",
       "       [ 2.84961184e-06,  1.20168214e-06, -2.47888942e-06,\n",
       "        -1.96642671e-06,  1.87224107e-06,  2.54401851e-06,\n",
       "        -1.08740398e-06, -2.87948580e-06,  1.99074265e-07,\n",
       "         2.94090078e-06,  7.08202155e-07, -2.72241837e-06],\n",
       "       [ 9.22834682e-09,  3.92511866e-06,  1.20168214e-06,\n",
       "        -3.55439623e-06, -2.29822369e-06,  2.84538756e-06,\n",
       "         3.17603400e-06, -1.86557186e-06, -3.75156833e-06,\n",
       "         7.08202155e-07,  3.97005075e-06,  5.16570013e-07],\n",
       "       [-2.84676487e-06,  9.22834682e-09,  2.84961184e-06,\n",
       "         8.69885169e-07, -2.58124974e-06, -1.66620820e-06,\n",
       "         2.06721968e-06,  2.30395147e-06, -1.35644397e-06,\n",
       "        -2.72241837e-06,  5.16570013e-07,  2.88178171e-06]])"
      ]
     },
     "execution_count": 4,
     "metadata": {},
     "output_type": "execute_result"
    }
   ],
   "source": [
    "#error of asym: 0.011\n",
    "V = np.diag([0.011**2,0.011**2])\n",
    "\n",
    "Cov = B.T@V@B #nur der S04\n",
    "Cov"
   ]
  },
  {
   "cell_type": "code",
   "execution_count": null,
   "id": "9b316fb8",
   "metadata": {},
   "outputs": [],
   "source": []
  }
 ],
 "metadata": {
  "kernelspec": {
   "display_name": "Python 3",
   "language": "python",
   "name": "python3"
  },
  "language_info": {
   "codemirror_mode": {
    "name": "ipython",
    "version": 3
   },
   "file_extension": ".py",
   "mimetype": "text/x-python",
   "name": "python",
   "nbconvert_exporter": "python",
   "pygments_lexer": "ipython3",
   "version": "3.8.8"
  }
 },
 "nbformat": 4,
 "nbformat_minor": 5
}
